Conslta: What processor obtained the best score in 2009 for the Photoshop benchmark?
ID consulta: 2010-001
Precision 5: 0,6000
Precision 10: 0,5000
Recall 5: 0,0484
Recall 10: 0,0806
Fmeasure 5: 0,0896
Fmeasure 10: 0,1389
Reciprocal Rank(relevancia min 1): 0,3333
Reciprocal Rank(relevancia min 1): 0,0256
Average Precision: 0.7418986952763211
nDGC10: 
0,0000; 0,0000; 0,1362; 0,2204; 0,2808; 0,2625; 0,3042; 0,2889; 0,2758; 0,3059; 
nDGC100: 
0,0000; 0,0000; 0,1362; 0,2204; 0,2808; 0,2625; 0,3042; 0,2889; 0,2758; 0,3059; 0,2941; 0,3193; 0,3420; 0,3313; 0,3512; 0,3695; 0,3864; 0,4022; 0,3923; 0,4066; 0,3974; 0,3887; 0,4016; 0,4138; 0,4056; 0,4170; 0,4092; 0,4199; 0,4300; 0,4398; 0,4325; 0,4416; 0,4505; 0,4589; 0,4671; 0,4749; 0,4825; 0,4898; 0,5106; 0,5307; 0,5237; 0,5299; 0,5359; 0,5292; 0,5227; 0,5164; 0,5102; 0,5159; 0,5100; 0,5043; 0,5098; 0,5151; 0,5096; 0,5148; 0,5094; 0,5145; 0,5194; 0,5242; 0,5289; 0,5237; 0,5283; 0,5327; 0,5421; 0,5515; 0,5515; 0,5515; 0,5515; 0,5607; 0,5607; 0,5607; 0,5607; 0,5607; 0,5607; 0,5607; 0,5607; 0,5697; 0,5697; 0,5787; 0,5876; 0,5965; 0,5965; 0,6054; 0,6054; 0,6141; 0,6229; 0,6229; 0,6229; 0,6229; 0,6229; 0,6229; 0,6229; 0,6229; 0,6229; 0,6315; 0,6315; 0,6315; 0,6315; 0,6315; 0,6315; 0,6315; 
