Conslta: What year was Windows XP released on?
ID consulta: 2010-013
Precision 5: 1,0000
Precision 10: 0,9000
Recall 5: 0,0641
Recall 10: 0,1154
Fmeasure 5: 0,1205
Fmeasure 10: 0,2045
Reciprocal Rank(relevancia min 1): 1,0000
Reciprocal Rank(relevancia min 1): 0,5000
Average Precision: 1.6378980542910866
nDGC10: 
0,5000; 0,7500; 0,6900; 0,7395; 0,7710; 0,7935; 0,8106; 0,8242; 0,8354; 0,7875; 
nDGC100: 
0,5000; 0,7500; 0,6900; 0,7395; 0,7710; 0,7935; 0,8106; 0,8242; 0,8354; 0,7875; 0,7986; 0,8082; 0,7946; 0,7824; 0,7715; 0,7798; 0,7702; 0,7450; 0,7374; 0,7304; 0,7199; 0,7238; 0,7411; 0,7445; 0,7478; 0,7635; 0,7664; 0,7692; 0,7837; 0,7861; 0,7885; 0,7909; 0,7823; 0,7846; 0,7869; 0,7788; 0,7911; 0,7931; 0,8048; 0,8067; 0,8085; 0,8195; 0,8302; 0,8228; 0,8244; 0,8172; 0,8102; 0,8033; 0,7966; 0,7983; 0,7918; 0,7935; 0,7951; 0,7889; 0,7906; 0,7921; 0,7937; 0,7878; 0,7894; 0,7909; 0,7852; 0,7796; 0,7812; 0,7827; 0,7842; 0,7788; 0,7736; 0,7684; 0,7700; 0,7715; 0,7729; 0,7744; 0,7758; 0,7709; 0,7661; 0,7676; 0,7690; 0,7704; 0,7704; 0,7764; 0,7825; 0,7825; 0,7884; 0,7944; 0,8004; 0,8004; 0,8004; 0,8004; 0,8063; 0,8063; 0,8121; 0,8121; 0,8121; 0,8121; 0,8121; 0,8121; 0,8121; 0,8121; 0,8121; 0,8121; 
