Conslta:  What processor obtained the best score in 2009 for Photoshop benchmark?  central processing unit CPU C.P.U. mainframe obtain receive get find incur prevail hold good mark grade musical account scotch grudge grievance sexual conquest benchmark bench
ID consulta: 2010-001
Precision 5: 0,4000
Precision 10: 0,3000
Recall 5: 0,0323
Recall 10: 0,0484
Fmeasure 5: 0,0597
Fmeasure 10: 0,0833
Reciprocal Rank(relevancia min 1): 0,3333
Reciprocal Rank(relevancia min 1): 0,0250
Average Precision: 0.6203607032846512
nDGC10: 
0,0000; 0,0000; 0,1362; 0,1230; 0,1909; 0,1785; 0,2249; 0,2136; 0,2039; 0,1954; 
nDGC100: 
0,0000; 0,0000; 0,1362; 0,1230; 0,1909; 0,1785; 0,2249; 0,2136; 0,2039; 0,1954; 0,2263; 0,2182; 0,2109; 0,2043; 0,2279; 0,2215; 0,2156; 0,2357; 0,2299; 0,2245; 0,2421; 0,2586; 0,2742; 0,2890; 0,3031; 0,3164; 0,3105; 0,3049; 0,3171; 0,3117; 0,3231; 0,3179; 0,3286; 0,3390; 0,3339; 0,3437; 0,3531; 0,3622; 0,3573; 0,3795; 0,3744; 0,3826; 0,3777; 0,3855; 0,3930; 0,4003; 0,3956; 0,4026; 0,4095; 0,4161; 0,4226; 0,4180; 0,4135; 0,4197; 0,4258; 0,4317; 0,4374; 0,4430; 0,4387; 0,4344; 0,4302; 0,4262; 0,4356; 0,4450; 0,4543; 0,4543; 0,4636; 0,4636; 0,4636; 0,4727; 0,4819; 0,4819; 0,4910; 0,5091; 0,5181; 0,5271; 0,5361; 0,5450; 0,5450; 0,5450; 0,5450; 0,5450; 0,5538; 0,5626; 0,5714; 0,5714; 0,5714; 0,5714; 0,5801; 0,5801; 0,5887; 0,5887; 0,5887; 0,5887; 0,5887; 0,5973; 0,5973; 0,5973; 0,6058; 0,6058; 
