Conslta: How to change the HTTP headers in C#?
ID consulta: 2010-020
Precision 5: 0,4000
Precision 10: 0,3000
Recall 5: 0,0526
Recall 10: 0,0789
Fmeasure 5: 0,0930
Fmeasure 10: 0,1250
Reciprocal Rank(relevancia min 1): 0,5000
Reciprocal Rank(relevancia min 1): 0,5000
Average Precision: 0.42951648687424554
nDGC10: 
0,0000; 0,5000; 0,6199; 0,5209; 0,4579; 0,4131; 0,4616; 0,4284; 0,4012; 0,3893; 
nDGC100: 
0,0000; 0,5000; 0,6199; 0,5209; 0,4579; 0,4131; 0,4616; 0,4284; 0,4012; 0,3893; 0,3786; 0,3947; 0,3850; 0,3993; 0,4126; 0,4039; 0,3957; 0,3880; 0,3995; 0,4104; 0,4207; 0,4135; 0,4232; 0,4164; 0,4255; 0,4191; 0,4129; 0,4213; 0,4434; 0,4510; 0,4717; 0,4786; 0,4725; 0,4791; 0,4732; 0,4675; 0,4620; 0,4567; 0,4567; 0,4567; 0,4567; 0,4792; 0,4792; 0,4792; 0,5013; 0,5013; 0,5122; 0,5122; 0,5122; 0,5122; 0,5122; 0,5122; 0,5122; 0,5122; 0,5122; 0,5122; 0,5226; 0,5226; 0,5226; 0,5226; 0,5226; 0,5328; 0,5328; 0,5328; 0,5328; 0,5328; 0,5328; 0,5328; 0,5328; 0,5328; 0,5328; 0,5328; 0,5328; 0,5426; 0,5426; 0,5426; 0,5426; 0,5426; 0,5522; 0,5522; 0,5522; 0,5617; 0,5617; 0,5617; 0,5617; 0,5617; 0,5617; 0,5805; 0,5805; 0,5805; 0,5805; 0,5805; 0,5805; 0,5898; 0,5898; 0,5990; 0,5990; 0,5990; 0,5990; 0,5990; 
