Conslta:  What free software is available for Windows to convert mp3 files wav?  program computer system package window windowpane file register charge lodge away
ID consulta: 2010-012
Precision 5: 1,0000
Precision 10: 1,0000
Recall 5: 0,0575
Recall 10: 0,1149
Fmeasure 5: 0,1087
Fmeasure 10: 0,2062
Reciprocal Rank(relevancia min 1): 1,0000
Reciprocal Rank(relevancia min 1): 0,1250
Average Precision: 1.9822445565100384
nDGC10: 
0,5000; 0,5000; 0,5000; 0,5000; 0,5000; 0,5000; 0,5216; 0,5790; 0,5939; 0,6072; 
nDGC100: 
0,5000; 0,5000; 0,5000; 0,5000; 0,5000; 0,5000; 0,5216; 0,5790; 0,5939; 0,6072; 0,6191; 0,6300; 0,6400; 0,6491; 0,6577; 0,6656; 0,6730; 0,7011; 0,7073; 0,7130; 0,7185; 0,7236; 0,7285; 0,7160; 0,7207; 0,7253; 0,7296; 0,7338; 0,7378; 0,7416; 0,7453; 0,7489; 0,7523; 0,7556; 0,7588; 0,7619; 0,7649; 0,7678; 0,7706; 0,7733; 0,7760; 0,7785; 0,7810; 0,7834; 0,7858; 0,7881; 0,7903; 0,7925; 0,7946; 0,7866; 0,7887; 0,7908; 0,7928; 0,7947; 0,7967; 0,7985; 0,8004; 0,8021; 0,8039; 0,8056; 0,8073; 0,8004; 0,8021; 0,8120; 0,8136; 0,8151; 0,8246; 0,8101; 0,8116; 0,8131; 0,8145; 0,8083; 0,8098; 0,8112; 0,8126; 0,8212; 0,8297; 0,8309; 0,8321; 0,8333; 0,8344; 0,8355; 0,8299; 0,8310; 0,8321; 0,8333; 0,8343; 0,8409; 0,8409; 0,8473; 0,8538; 0,8538; 0,8603; 0,8603; 0,8603; 0,8603; 0,8603; 0,8603; 0,8603; 0,8657; 
