Conslta:  What attributes do the table and body tags have in XHTML?  property attribute dimension tabular array mesa board organic structure physical dead torso trunk consistency consistence eubstance soundbox tag ticket rag shred end tatter rich person wealthy
ID consulta: 2010-016
Precision 5: 0,4000
Precision 10: 0,3000
Recall 5: 0,0417
Recall 10: 0,0625
Fmeasure 5: 0,0755
Fmeasure 10: 0,1034
Reciprocal Rank(relevancia min 1): 1,0000
Reciprocal Rank(relevancia min 1): 0,0909
Average Precision: 0.4736105864328046
nDGC10: 
0,5000; 0,2500; 0,1900; 0,2395; 0,2106; 0,1899; 0,2156; 0,2001; 0,1874; 0,1766; 
nDGC100: 
0,5000; 0,2500; 0,1900; 0,2395; 0,2106; 0,1899; 0,2156; 0,2001; 0,1874; 0,1766; 0,2196; 0,2570; 0,2456; 0,2767; 0,2660; 0,2745; 0,2995; 0,3061; 0,2966; 0,3071; 0,2881; 0,3123; 0,3218; 0,3309; 0,3396; 0,3480; 0,3561; 0,3518; 0,3476; 0,3436; 0,3397; 0,3582; 0,3542; 0,3504; 0,3678; 0,3640; 0,3806; 0,3868; 0,3830; 0,3889; 0,3852; 0,4003; 0,4058; 0,4112; 0,4254; 0,4392; 0,4441; 0,4403; 0,4488; 0,4657; 0,4741; 0,4825; 0,4909; 0,4991; 0,4991; 0,4991; 0,5155; 0,5155; 0,5236; 0,5317; 0,5398; 0,5398; 0,5398; 0,5398; 0,5398; 0,5398; 0,5398; 0,5398; 0,5476; 0,5476; 0,5553; 0,5553; 0,5708; 0,5708; 0,5861; 0,5861; 0,5861; 0,5861; 0,5937; 0,5937; 0,6087; 0,6087; 0,6087; 0,6237; 0,6237; 0,6237; 0,6237; 0,6237; 0,6237; 0,6237; 0,6237; 0,6310; 0,6310; 0,6455; 0,6455; 0,6455; 0,6455; 0,6455; 0,6455; 0,6384; 
