Conslta:  Is the Open Document Format supported by Microsoft Wordpad?  open clear outdoors out-of-doors air surface document written papers text file format formatting data
ID consulta: 2010-007
Precision 5: 0,6000
Precision 10: 0,6000
Recall 5: 0,0500
Recall 10: 0,1000
Fmeasure 5: 0,0923
Fmeasure 10: 0,1714
Reciprocal Rank(relevancia min 1): 1,0000
Reciprocal Rank(relevancia min 1): 0,2500
Average Precision: 1.2922573812170535
nDGC10: 
0,5000; 0,2500; 0,3100; 0,4202; 0,3693; 0,3821; 0,3919; 0,3637; 0,3406; 0,3783; 
nDGC100: 
0,5000; 0,2500; 0,3100; 0,4202; 0,3693; 0,3821; 0,3919; 0,3637; 0,3406; 0,3783; 0,3586; 0,3893; 0,3721; 0,3567; 0,3622; 0,3490; 0,3715; 0,3593; 0,3482; 0,3379; 0,3425; 0,3603; 0,3770; 0,3800; 0,3829; 0,3973; 0,3884; 0,3841; 0,3907; 0,4077; 0,4035; 0,4096; 0,4254; 0,4212; 0,4364; 0,4323; 0,4283; 0,4335; 0,4296; 0,4435; 0,4483; 0,4445; 0,4492; 0,4454; 0,4500; 0,4464; 0,4428; 0,4472; 0,4437; 0,4403; 0,4445; 0,4412; 0,4453; 0,4567; 0,4679; 0,4717; 0,4754; 0,4721; 0,4826; 0,4793; 0,4861; 0,4997; 0,4997; 0,4997; 0,4997; 0,4997; 0,5063; 0,5196; 0,5328; 0,5460; 0,5460; 0,5590; 0,5655; 0,5655; 0,5720; 0,5849; 0,5914; 0,5914; 0,6042; 0,6042; 0,6105; 0,6105; 0,6105; 0,6105; 0,6105; 0,6105; 0,6105; 0,6105; 0,6105; 0,6230; 0,6230; 0,6353; 0,6353; 0,6476; 0,6476; 0,6476; 0,6476; 0,6537; 0,6598; 0,6598; 
