Conslta: Who was Microsoft’s Chief Executive Officer in 2009?
ID consulta: 2010-015
Precision 5: 0,6000
Precision 10: 0,5000
Recall 5: 0,0588
Recall 10: 0,0980
Fmeasure 5: 0,1071
Fmeasure 10: 0,1639
Reciprocal Rank(relevancia min 1): 1,0000
Reciprocal Rank(relevancia min 1): 0,0556
Average Precision: 0.6880321488320404
nDGC10: 
0,5000; 0,2500; 0,3100; 0,3403; 0,2992; 0,3188; 0,2924; 0,3074; 0,2878; 0,2713; 
nDGC100: 
0,5000; 0,2500; 0,3100; 0,3403; 0,2992; 0,3188; 0,2924; 0,3074; 0,2878; 0,2713; 0,2572; 0,2688; 0,2569; 0,2463; 0,2367; 0,2463; 0,2378; 0,2627; 0,2856; 0,3068; 0,2981; 0,2900; 0,2824; 0,3004; 0,3173; 0,3099; 0,3142; 0,3074; 0,3009; 0,3049; 0,3219; 0,3188; 0,3157; 0,3127; 0,3191; 0,3162; 0,3133; 0,3283; 0,3429; 0,3399; 0,3540; 0,3677; 0,3811; 0,3943; 0,3991; 0,3959; 0,3929; 0,3899; 0,3869; 0,3840; 0,3812; 0,3812; 0,3958; 0,4104; 0,4249; 0,4393; 0,4465; 0,4465; 0,4536; 0,4536; 0,4677; 0,4818; 0,4818; 0,4818; 0,4818; 0,4957; 0,4957; 0,5095; 0,5232; 0,5369; 0,5437; 0,5437; 0,5437; 0,5572; 0,5572; 0,5639; 0,5706; 0,5839; 0,5839; 0,5972; 0,5972; 0,5972; 0,5972; 0,5972; 0,6037; 0,6037; 0,6037; 0,6037; 0,6037; 0,6037; 0,6037; 0,6037; 0,6037; 0,6037; 0,6165; 0,6165; 0,6165; 0,6165; 0,6165; 0,6228; 
