Conslta: What graphics card obtained the best score in 2008 for the Battlefield 2142 benchmark?
ID consulta: 2010-002
Precision 5: 0,4000
Precision 10: 0,4000
Recall 5: 0,0465
Recall 10: 0,0930
Fmeasure 5: 0,0833
Fmeasure 10: 0,1509
Reciprocal Rank(relevancia min 1): 0,5000
Reciprocal Rank(relevancia min 1): 0,0208
Average Precision: 0.47560517164239663
nDGC10: 
0,0000; 0,2500; 0,3522; 0,3179; 0,2932; 0,2742; 0,2587; 0,2457; 0,2799; 0,3098; 
nDGC100: 
0,0000; 0,2500; 0,3522; 0,3179; 0,2932; 0,2742; 0,2587; 0,2457; 0,2799; 0,3098; 0,3362; 0,3599; 0,3479; 0,3370; 0,3567; 0,3466; 0,3373; 0,3286; 0,3451; 0,3606; 0,3751; 0,3669; 0,3591; 0,3518; 0,3449; 0,3574; 0,3693; 0,3627; 0,3563; 0,3673; 0,3778; 0,3879; 0,3817; 0,3913; 0,3854; 0,3944; 0,3887; 0,3833; 0,3918; 0,3865; 0,3814; 0,3894; 0,3844; 0,3844; 0,3970; 0,3970; 0,3970; 0,4218; 0,4218; 0,4218; 0,4340; 0,4340; 0,4340; 0,4340; 0,4459; 0,4578; 0,4578; 0,4578; 0,4696; 0,4813; 0,4813; 0,4929; 0,4929; 0,4929; 0,5044; 0,5044; 0,5044; 0,5044; 0,5044; 0,5044; 0,5044; 0,5044; 0,5044; 0,5155; 0,5266; 0,5377; 0,5487; 0,5598; 0,5598; 0,5598; 0,5707; 0,5707; 0,5707; 0,5707; 0,5707; 0,5707; 0,5707; 0,5707; 0,5707; 0,5813; 0,5813; 0,5813; 0,5813; 0,5813; 0,5813; 0,5813; 0,5813; 0,5813; 0,5917; 0,6022; 
