Conslta:  What year was Windows XP released on?  twelvemonth yr class be exist equal constitute represent make up comprise follow embody personify live cost window windowpane
ID consulta: 2010-013
Precision 5: 0,8000
Precision 10: 0,7000
Recall 5: 0,0513
Recall 10: 0,0897
Fmeasure 5: 0,0964
Fmeasure 10: 0,1591
Reciprocal Rank(relevancia min 1): 0,5000
Reciprocal Rank(relevancia min 1): 0,3333
Average Precision: 1.074085555479556
nDGC10: 
0,0000; 0,2500; 0,4299; 0,4411; 0,5086; 0,5568; 0,5935; 0,6227; 0,5830; 0,5496; 
nDGC100: 
0,0000; 0,2500; 0,4299; 0,4411; 0,5086; 0,5568; 0,5935; 0,6227; 0,5830; 0,5496; 0,5731; 0,5936; 0,5672; 0,5645; 0,5620; 0,5415; 0,5573; 0,5717; 0,5695; 0,5674; 0,5593; 0,5515; 0,5711; 0,5768; 0,5694; 0,5748; 0,5800; 0,5850; 0,5899; 0,5946; 0,6104; 0,6037; 0,5971; 0,6120; 0,6160; 0,6199; 0,6238; 0,6176; 0,6310; 0,6250; 0,6191; 0,6319; 0,6352; 0,6295; 0,6328; 0,6273; 0,6305; 0,6252; 0,6199; 0,6148; 0,6099; 0,6050; 0,6002; 0,6033; 0,6064; 0,6017; 0,6123; 0,6077; 0,6032; 0,6134; 0,6162; 0,6118; 0,6075; 0,6102; 0,6129; 0,6156; 0,6249; 0,6207; 0,6166; 0,6191; 0,6216; 0,6176; 0,6137; 0,6098; 0,6060; 0,6023; 0,6047; 0,6010; 0,6010; 0,6010; 0,6070; 0,6070; 0,6130; 0,6190; 0,6190; 0,6249; 0,6249; 0,6249; 0,6249; 0,6249; 0,6308; 0,6367; 0,6425; 0,6425; 0,6425; 0,6425; 0,6425; 0,6425; 0,6425; 0,6482; 
