Conslta: What free software is available for Windows to convert mp3 files to wav?
ID consulta: 2010-012
Precision 5: 1,0000
Precision 10: 1,0000
Recall 5: 0,0575
Recall 10: 0,1149
Fmeasure 5: 0,1087
Fmeasure 10: 0,2062
Reciprocal Rank(relevancia min 1): 1,0000
Reciprocal Rank(relevancia min 1): 0,1667
Average Precision: 1.97446684567307
nDGC10: 
0,5000; 0,5000; 0,5000; 0,5000; 0,5000; 0,5490; 0,5685; 0,5852; 0,5999; 0,6130; 
nDGC100: 
0,5000; 0,5000; 0,5000; 0,5000; 0,5000; 0,5490; 0,5685; 0,5852; 0,5999; 0,6130; 0,6248; 0,6355; 0,6453; 0,6543; 0,6627; 0,6936; 0,7004; 0,7068; 0,7128; 0,7184; 0,7238; 0,7105; 0,7156; 0,7205; 0,7252; 0,7297; 0,7340; 0,7381; 0,7420; 0,7458; 0,7494; 0,7529; 0,7563; 0,7595; 0,7627; 0,7657; 0,7687; 0,7715; 0,7743; 0,7770; 0,7796; 0,7821; 0,7845; 0,7869; 0,7892; 0,7915; 0,7937; 0,7854; 0,7876; 0,7898; 0,7918; 0,7939; 0,7958; 0,7978; 0,7997; 0,8015; 0,8033; 0,8051; 0,8068; 0,8085; 0,8101; 0,8032; 0,8133; 0,8148; 0,8164; 0,8179; 0,8193; 0,8207; 0,8065; 0,8080; 0,8094; 0,8033; 0,8123; 0,8137; 0,8150; 0,8237; 0,8321; 0,8333; 0,8345; 0,8356; 0,8368; 0,8379; 0,8322; 0,8333; 0,8345; 0,8355; 0,8366; 0,8431; 0,8496; 0,8561; 0,8626; 0,8690; 0,8690; 0,8690; 0,8690; 0,8690; 0,8754; 0,8754; 0,8754; 0,8810; 
