Conslta: Who won the first ACM Gerard Salton prize?
ID consulta: 2010-014
Precision 5: 1,0000
Precision 10: 0,9000
Recall 5: 0,0806
Recall 10: 0,1452
Fmeasure 5: 0,1493
Fmeasure 10: 0,2500
Reciprocal Rank(relevancia min 1): 1,0000
Reciprocal Rank(relevancia min 1): 1,0000
Average Precision: 1.2161721433082473
nDGC10: 
1,0000; 1,0000; 0,8801; 0,8992; 0,8510; 0,8166; 0,7490; 0,7311; 0,7482; 0,7627; 
nDGC100: 
1,0000; 1,0000; 0,8801; 0,8992; 0,8510; 0,8166; 0,7490; 0,7311; 0,7482; 0,7627; 0,7490; 0,7370; 0,7657; 0,7492; 0,7543; 0,7395; 0,7633; 0,7676; 0,7717; 0,7756; 0,7957; 0,7989; 0,7866; 0,8048; 0,7931; 0,7960; 0,8127; 0,8288; 0,8310; 0,8203; 0,8226; 0,8124; 0,8147; 0,8050; 0,8073; 0,8095; 0,8004; 0,8026; 0,8047; 0,8068; 0,7984; 0,8005; 0,8126; 0,8144; 0,8162; 0,8180; 0,8197; 0,8214; 0,8139; 0,8155; 0,8083; 0,8099; 0,8116; 0,8046; 0,7978; 0,7911; 0,7929; 0,7864; 0,7881; 0,7818; 0,7836; 0,7775; 0,7852; 0,7852; 0,7929; 0,7929; 0,8005; 0,8081; 0,8157; 0,8233; 0,8308; 0,8308; 0,8383; 0,8383; 0,8383; 0,8383; 0,8456; 0,8530; 0,8604; 0,8677; 0,8750; 0,8750; 0,8750; 0,8750; 0,8822; 0,8822; 0,8822; 0,8822; 0,8893; 0,8893; 0,8893; 0,8964; 0,8964; 0,8964; 0,8964; 0,8964; 0,8964; 0,8964; 0,9034; 0,9034; 
