Conslta: Is the Open Document Format supported by Microsoft Wordpad?
ID consulta: 2010-007
Precision 5: 0,6000
Precision 10: 0,5000
Recall 5: 0,0500
Recall 10: 0,0833
Fmeasure 5: 0,0923
Fmeasure 10: 0,1429
Reciprocal Rank(relevancia min 1): 1,0000
Reciprocal Rank(relevancia min 1): 0,5000
Average Precision: 1.3369987182162189
nDGC10: 
0,5000; 0,7500; 0,8100; 0,6806; 0,5983; 0,5397; 0,5778; 0,5722; 0,5357; 0,5051; 
nDGC100: 
0,5000; 0,7500; 0,8100; 0,6806; 0,5983; 0,5397; 0,5778; 0,5722; 0,5357; 0,5051; 0,5309; 0,5054; 0,5052; 0,4843; 0,5043; 0,5041; 0,5212; 0,5368; 0,5357; 0,5198; 0,5051; 0,4914; 0,4916; 0,4918; 0,4800; 0,4688; 0,4807; 0,4754; 0,4703; 0,4653; 0,4709; 0,4864; 0,5015; 0,5064; 0,5015; 0,4968; 0,5014; 0,4968; 0,4924; 0,4969; 0,4925; 0,4883; 0,4926; 0,4969; 0,5010; 0,4969; 0,5090; 0,5207; 0,5322; 0,5435; 0,5470; 0,5579; 0,5537; 0,5570; 0,5530; 0,5562; 0,5522; 0,5484; 0,5446; 0,5477; 0,5613; 0,5681; 0,5681; 0,5815; 0,5882; 0,6016; 0,6149; 0,6149; 0,6281; 0,6347; 0,6478; 0,6608; 0,6674; 0,6739; 0,6803; 0,6803; 0,6932; 0,6996; 0,6996; 0,6996; 0,7124; 0,7124; 0,7124; 0,7124; 0,7124; 0,7124; 0,7124; 0,7124; 0,7124; 0,7186; 0,7248; 0,7248; 0,7248; 0,7248; 0,7248; 0,7309; 0,7309; 0,7431; 0,7492; 0,7492; 
