Conslta: What laptops with AMD processor are on special offer?
ID consulta: 2010-004
Precision 5: 0,6000
Precision 10: 0,5000
Recall 5: 0,0536
Recall 10: 0,0893
Fmeasure 5: 0,0984
Fmeasure 10: 0,1515
Reciprocal Rank(relevancia min 1): 0,5000
Reciprocal Rank(relevancia min 1): 0,5000
Average Precision: 0.6198238299372597
nDGC10: 
0,0000; 0,5000; 0,6199; 0,5209; 0,5184; 0,5656; 0,5188; 0,5534; 0,5181; 0,4884; 
nDGC100: 
0,0000; 0,5000; 0,6199; 0,5209; 0,5184; 0,5656; 0,5188; 0,5534; 0,5181; 0,4884; 0,4630; 0,4887; 0,4670; 0,4890; 0,4701; 0,4894; 0,4726; 0,4735; 0,4588; 0,4748; 0,4897; 0,4899; 0,4772; 0,4903; 0,4784; 0,4673; 0,4680; 0,4578; 0,4482; 0,4390; 0,4501; 0,4608; 0,4521; 0,4621; 0,4628; 0,4548; 0,4471; 0,4397; 0,4487; 0,4495; 0,4426; 0,4544; 0,4510; 0,4477; 0,4590; 0,4557; 0,4596; 0,4704; 0,4811; 0,4778; 0,4813; 0,4848; 0,4816; 0,4784; 0,4753; 0,4851; 0,4851; 0,4851; 0,4977; 0,4977; 0,5103; 0,5166; 0,5166; 0,5166; 0,5166; 0,5166; 0,5288; 0,5288; 0,5288; 0,5288; 0,5409; 0,5530; 0,5530; 0,5530; 0,5590; 0,5649; 0,5649; 0,5649; 0,5768; 0,5768; 0,5885; 0,5885; 0,6002; 0,6118; 0,6118; 0,6176; 0,6176; 0,6176; 0,6291; 0,6291; 0,6291; 0,6405; 0,6519; 0,6519; 0,6519; 0,6519; 0,6632; 0,6632; 0,6632; 0,6632; 
