Conslta: What 2GB DDR3 memory modules can be bought for under 70€?
ID consulta: 2010-009
Precision 5: 0,8000
Precision 10: 0,8000
Recall 5: 0,0667
Recall 10: 0,1333
Fmeasure 5: 0,1231
Fmeasure 10: 0,2286
Reciprocal Rank(relevancia min 1): 0,5000
Reciprocal Rank(relevancia min 1): 0,5000
Average Precision: 0.6869865380408499
nDGC10: 
0,0000; 0,5000; 0,5000; 0,5798; 0,5702; 0,5633; 0,5995; 0,5564; 0,5528; 0,5498; 
nDGC100: 
0,0000; 0,5000; 0,5000; 0,5798; 0,5702; 0,5633; 0,5995; 0,5564; 0,5528; 0,5498; 0,5211; 0,4961; 0,4963; 0,4964; 0,5159; 0,5336; 0,5152; 0,5310; 0,5456; 0,5591; 0,5715; 0,5832; 0,5940; 0,6042; 0,6138; 0,6228; 0,6087; 0,6173; 0,6042; 0,6021; 0,6001; 0,5981; 0,5963; 0,5908; 0,6036; 0,5982; 0,6105; 0,6138; 0,6171; 0,6203; 0,6152; 0,6183; 0,6294; 0,6323; 0,6274; 0,6379; 0,6407; 0,6509; 0,6461; 0,6559; 0,6656; 0,6680; 0,6703; 0,6796; 0,6749; 0,6771; 0,6726; 0,6681; 0,6637; 0,6659; 0,6659; 0,6788; 0,6788; 0,6788; 0,6916; 0,6916; 0,7043; 0,7043; 0,7168; 0,7168; 0,7231; 0,7231; 0,7231; 0,7293; 0,7416; 0,7416; 0,7416; 0,7416; 0,7538; 0,7599; 0,7599; 0,7599; 0,7599; 0,7599; 0,7599; 0,7599; 0,7599; 0,7599; 0,7659; 0,7659; 0,7659; 0,7717; 0,7717; 0,7835; 0,7835; 0,7835; 0,7835; 0,7835; 0,7880; 0,7927; 
