Conslta: How many web pages had Google indexed between 2008 and 2009?
ID consulta: 2010-008
Precision 5: 0,8000
Precision 10: 0,8000
Recall 5: 0,0702
Recall 10: 0,1404
Fmeasure 5: 0,1290
Fmeasure 10: 0,2388
Reciprocal Rank(relevancia min 1): 1,0000
Reciprocal Rank(relevancia min 1): 0,0222
Average Precision: 1.0105257968467907
nDGC10: 
0,5000; 0,5000; 0,5000; 0,4202; 0,4298; 0,4592; 0,4837; 0,5047; 0,5230; 0,5052; 
nDGC100: 
0,5000; 0,5000; 0,5000; 0,4202; 0,4298; 0,4592; 0,4837; 0,5047; 0,5230; 0,5052; 0,5209; 0,5351; 0,5481; 0,5601; 0,5712; 0,5814; 0,5910; 0,6000; 0,6085; 0,5961; 0,5844; 0,5923; 0,5814; 0,5711; 0,5785; 0,5855; 0,5760; 0,5669; 0,5736; 0,5649; 0,5566; 0,5630; 0,5551; 0,5612; 0,5536; 0,5595; 0,5652; 0,5707; 0,5760; 0,5811; 0,5742; 0,5792; 0,5840; 0,5774; 0,5932; 0,5977; 0,6020; 0,6062; 0,5999; 0,6040; 0,6181; 0,6120; 0,6158; 0,6098; 0,6135; 0,6266; 0,6208; 0,6300; 0,6392; 0,6392; 0,6483; 0,6483; 0,6573; 0,6753; 0,6843; 0,6843; 0,6843; 0,6843; 0,6843; 0,6931; 0,6931; 0,6931; 0,6931; 0,6931; 0,6931; 0,7018; 0,7018; 0,7104; 0,7190; 0,7190; 0,7190; 0,7190; 0,7190; 0,7190; 0,7274; 0,7274; 0,7274; 0,7358; 0,7441; 0,7441; 0,7441; 0,7524; 0,7524; 0,7524; 0,7524; 0,7524; 0,7524; 0,7524; 0,7586; 0,7649; 
