Conslta: What video game won Spike's best driving game award in 2006?
ID consulta: 2010-003
Precision 5: 0,6000
Precision 10: 0,8000
Recall 5: 0,0395
Recall 10: 0,1053
Fmeasure 5: 0,0741
Fmeasure 10: 0,1860
Reciprocal Rank(relevancia min 1): 1,0000
Reciprocal Rank(relevancia min 1): 0,1429
Average Precision: 1.2423898554016408
nDGC10: 
0,5000; 0,2500; 0,1900; 0,2395; 0,2710; 0,2935; 0,3519; 0,3626; 0,3713; 0,3787; 
nDGC100: 
0,5000; 0,2500; 0,1900; 0,2395; 0,2710; 0,2935; 0,3519; 0,3626; 0,3713; 0,3787; 0,3850; 0,3905; 0,3954; 0,4204; 0,4428; 0,4532; 0,4629; 0,4893; 0,4978; 0,5058; 0,5135; 0,5359; 0,5427; 0,5492; 0,5416; 0,5478; 0,5538; 0,5595; 0,5651; 0,5704; 0,5876; 0,5925; 0,6087; 0,6018; 0,6063; 0,6105; 0,6040; 0,6082; 0,6122; 0,6060; 0,6099; 0,6138; 0,6175; 0,6211; 0,6247; 0,6374; 0,6407; 0,6439; 0,6470; 0,6501; 0,6531; 0,6561; 0,6589; 0,6618; 0,6645; 0,6672; 0,6699; 0,6803; 0,6828; 0,6776; 0,6800; 0,6824; 0,6848; 0,6944; 0,7039; 0,7060; 0,7081; 0,7101; 0,7122; 0,7141; 0,7161; 0,7247; 0,7199; 0,7218; 0,7236; 0,7189; 0,7189; 0,7189; 0,7317; 0,7446; 0,7509; 0,7509; 0,7573; 0,7573; 0,7636; 0,7636; 0,7636; 0,7699; 0,7761; 0,7761; 0,7761; 0,7761; 0,7761; 0,7761; 0,7761; 0,7761; 0,7761; 0,7761; 0,7761; 0,7822; 
