Conslta:  How to change the HTTP headers in C#?  alteration modification variety hypertext transfer protocol heading header head lintel coping cope
ID consulta: 2010-020
Precision 5: 0,2000
Precision 10: 0,3000
Recall 5: 0,0263
Recall 10: 0,0789
Fmeasure 5: 0,0465
Fmeasure 10: 0,1250
Reciprocal Rank(relevancia min 1): 0,5000
Reciprocal Rank(relevancia min 1): 0,1250
Average Precision: 0.3698529804461206
nDGC10: 
0,0000; 0,2500; 0,1900; 0,1597; 0,1404; 0,1266; 0,1162; 0,1797; 0,2319; 0,2251; 
nDGC100: 
0,0000; 0,2500; 0,1900; 0,1597; 0,1404; 0,1266; 0,1162; 0,1797; 0,2319; 0,2251; 0,2189; 0,2650; 0,2830; 0,2764; 0,2703; 0,2646; 0,2592; 0,2736; 0,2685; 0,2818; 0,2768; 0,2891; 0,2843; 0,2958; 0,2912; 0,3019; 0,2974; 0,2932; 0,2891; 0,2988; 0,2948; 0,2909; 0,2872; 0,2836; 0,2924; 0,2889; 0,2973; 0,2938; 0,2938; 0,3052; 0,3052; 0,3165; 0,3165; 0,3165; 0,3386; 0,3386; 0,3386; 0,3386; 0,3386; 0,3386; 0,3386; 0,3386; 0,3492; 0,3492; 0,3492; 0,3492; 0,3596; 0,3596; 0,3596; 0,3596; 0,3596; 0,3596; 0,3596; 0,3596; 0,3697; 0,3697; 0,3697; 0,3697; 0,3697; 0,3697; 0,3697; 0,3697; 0,3697; 0,3697; 0,3697; 0,3697; 0,3697; 0,3793; 0,3986; 0,3986; 0,4081; 0,4081; 0,4081; 0,4081; 0,4081; 0,4081; 0,4081; 0,4081; 0,4081; 0,4081; 0,4081; 0,4081; 0,4267; 0,4267; 0,4359; 0,4359; 0,4543; 0,4543; 0,4543; 0,4543; 
