Conslta: What free software is there for natural language processing?
ID consulta: 2010-006
Precision 5: 0,8000
Precision 10: 0,7000
Recall 5: 0,0952
Recall 10: 0,1667
Fmeasure 5: 0,1702
Fmeasure 10: 0,2692
Reciprocal Rank(relevancia min 1): 1,0000
Reciprocal Rank(relevancia min 1): 0,2500
Average Precision: 0.9258903925727453
nDGC10: 
0,5000; 0,5000; 0,5000; 0,5798; 0,5097; 0,5088; 0,4667; 0,5050; 0,5365; 0,5058; 
nDGC100: 
0,5000; 0,5000; 0,5000; 0,5798; 0,5097; 0,5088; 0,4667; 0,5050; 0,5365; 0,5058; 0,5055; 0,5052; 0,4828; 0,4835; 0,4648; 0,4479; 0,4325; 0,4183; 0,4053; 0,3933; 0,3822; 0,3718; 0,3621; 0,3531; 0,3445; 0,3405; 0,3596; 0,3668; 0,3738; 0,3698; 0,3658; 0,3724; 0,3890; 0,4051; 0,4011; 0,4069; 0,4220; 0,4180; 0,4325; 0,4467; 0,4427; 0,4389; 0,4389; 0,4561; 0,4733; 0,4733; 0,4903; 0,4903; 0,4987; 0,5154; 0,5321; 0,5486; 0,5651; 0,5733; 0,5896; 0,5896; 0,6058; 0,6058; 0,6218; 0,6298; 0,6298; 0,6298; 0,6298; 0,6298; 0,6298; 0,6298; 0,6454; 0,6609; 0,6609; 0,6763; 0,6763; 0,6763; 0,6763; 0,6763; 0,6763; 0,6763; 0,6913; 0,6913; 0,6913; 0,7062; 0,7062; 0,7062; 0,7210; 0,7210; 0,7210; 0,7210; 0,7210; 0,7210; 0,7210; 0,7210; 0,7210; 0,7210; 0,7210; 0,7210; 0,7210; 0,7210; 0,7210; 0,7210; 0,7210; 0,7210; 
