Conslta: What year was Facebook founded on?
ID consulta: 2010-018
Precision 5: 1,0000
Precision 10: 0,8000
Recall 5: 0,1000
Recall 10: 0,1600
Fmeasure 5: 0,1818
Fmeasure 10: 0,2667
Reciprocal Rank(relevancia min 1): 1,0000
Reciprocal Rank(relevancia min 1): 1,0000
Average Precision: 0.7465617537344581
nDGC10: 
1,0000; 1,0000; 0,8801; 0,8992; 0,9114; 0,8711; 0,8818; 0,8184; 0,7981; 0,7524; 
nDGC100: 
1,0000; 1,0000; 0,8801; 0,8992; 0,9114; 0,8711; 0,8818; 0,8184; 0,7981; 0,7524; 0,7653; 0,7526; 0,7636; 0,7733; 0,7821; 0,7536; 0,7621; 0,7372; 0,7143; 0,7080; 0,7163; 0,6968; 0,6787; 0,6617; 0,6457; 0,6539; 0,6505; 0,6363; 0,6440; 0,6513; 0,6582; 0,6455; 0,6428; 0,6493; 0,6614; 0,6556; 0,6673; 0,6616; 0,6560; 0,6505; 0,6616; 0,6562; 0,6669; 0,6773; 0,6798; 0,6747; 0,6846; 0,6944; 0,7040; 0,7061; 0,7205; 0,7205; 0,7205; 0,7205; 0,7346; 0,7346; 0,7486; 0,7486; 0,7486; 0,7556; 0,7556; 0,7693; 0,7829; 0,7829; 0,7965; 0,8100; 0,8100; 0,8167; 0,8167; 0,8234; 0,8234; 0,8234; 0,8234; 0,8300; 0,8300; 0,8365; 0,8430; 0,8495; 0,8495; 0,8625; 0,8754; 0,8882; 0,8882; 0,8882; 0,8882; 0,8882; 0,8882; 0,8882; 0,8882; 0,8882; 0,8882; 0,8882; 0,8882; 0,8882; 0,8882; 0,8882; 0,8882; 0,8882; 0,8882; 0,8882; 
