Conslta: What attributes do the table and body tags have in XHTML?
ID consulta: 2010-016
Precision 5: 0,4000
Precision 10: 0,4000
Recall 5: 0,0417
Recall 10: 0,0833
Fmeasure 5: 0,0755
Fmeasure 10: 0,1379
Reciprocal Rank(relevancia min 1): 0,2500
Reciprocal Rank(relevancia min 1): 0,1667
Average Precision: 0.4341251335965752
nDGC10: 
0,0000; 0,0000; 0,0000; 0,0798; 0,1307; 0,2158; 0,2393; 0,2221; 0,2080; 0,1961; 
nDGC100: 
0,0000; 0,0000; 0,0000; 0,0798; 0,1307; 0,2158; 0,2393; 0,2221; 0,2080; 0,1961; 0,2119; 0,2497; 0,2608; 0,2500; 0,2403; 0,2316; 0,2408; 0,2330; 0,2257; 0,2374; 0,2630; 0,2735; 0,2972; 0,2932; 0,3155; 0,3242; 0,3326; 0,3407; 0,3604; 0,3679; 0,3751; 0,3820; 0,3888; 0,3953; 0,4122; 0,4080; 0,4038; 0,4098; 0,4057; 0,4211; 0,4171; 0,4226; 0,4279; 0,4421; 0,4471; 0,4432; 0,4393; 0,4356; 0,4441; 0,4441; 0,4525; 0,4441; 0,4524; 0,4690; 0,4855; 0,4855; 0,4937; 0,5100; 0,5100; 0,5100; 0,5181; 0,5181; 0,5340; 0,5500; 0,5658; 0,5816; 0,5816; 0,5816; 0,5816; 0,5816; 0,5894; 0,5971; 0,5971; 0,5971; 0,6124; 0,6124; 0,6124; 0,6200; 0,6200; 0,6200; 0,6200; 0,6351; 0,6351; 0,6351; 0,6351; 0,6351; 0,6425; 0,6425; 0,6425; 0,6425; 0,6425; 0,6425; 0,6425; 0,6570; 0,6570; 0,6570; 0,6570; 0,6570; 0,6570; 0,6570; 
