Conslta:  What laptops with AMD processor are on special offer?  laptop computer age-related macular degeneration central processing unit CPU C.P.U. mainframe be exist equal constitute represent make up comprise follow embody personify live cost off cancelled
ID consulta: 2010-004
Precision 5: 0,8000
Precision 10: 0,5000
Recall 5: 0,0714
Recall 10: 0,0893
Fmeasure 5: 0,1311
Fmeasure 10: 0,1515
Reciprocal Rank(relevancia min 1): 0,5000
Reciprocal Rank(relevancia min 1): 0,5000
Average Precision: 0.5484370665013172
nDGC10: 
0,0000; 0,5000; 0,6199; 0,6806; 0,7192; 0,6488; 0,6778; 0,6291; 0,5890; 0,5553; 
nDGC100: 
0,0000; 0,5000; 0,6199; 0,6806; 0,7192; 0,6488; 0,6778; 0,6291; 0,5890; 0,5553; 0,5263; 0,5011; 0,5233; 0,5016; 0,4822; 0,4646; 0,4486; 0,4340; 0,4205; 0,4229; 0,4109; 0,3998; 0,4024; 0,4048; 0,3950; 0,4091; 0,3999; 0,4130; 0,4043; 0,4165; 0,4082; 0,4196; 0,4117; 0,4042; 0,4148; 0,4076; 0,4007; 0,3941; 0,3877; 0,3816; 0,3757; 0,3881; 0,4002; 0,4046; 0,4017; 0,3988; 0,4102; 0,4073; 0,4184; 0,4155; 0,4127; 0,4233; 0,4205; 0,4243; 0,4215; 0,4188; 0,4188; 0,4188; 0,4188; 0,4188; 0,4188; 0,4188; 0,4188; 0,4188; 0,4188; 0,4312; 0,4312; 0,4312; 0,4434; 0,4434; 0,4555; 0,4555; 0,4675; 0,4675; 0,4675; 0,4675; 0,4675; 0,4675; 0,4793; 0,4911; 0,4911; 0,4911; 0,4911; 0,4911; 0,4911; 0,4911; 0,4911; 0,4911; 0,4911; 0,4911; 0,4968; 0,4968; 0,4968; 0,4968; 0,4968; 0,5081; 0,5081; 0,5137; 0,5137; 0,5193; 
