Conslta: What laptop bags have airbag?
ID consulta: 2010-010
Precision 5: 1,0000
Precision 10: 0,8000
Recall 5: 0,1111
Recall 10: 0,1778
Fmeasure 5: 0,2000
Fmeasure 10: 0,2909
Reciprocal Rank(relevancia min 1): 1,0000
Reciprocal Rank(relevancia min 1): 0,2500
Average Precision: 1.0247804303504855
nDGC10: 
0,5000; 0,5000; 0,5000; 0,5798; 0,6307; 0,5689; 0,6045; 0,5970; 0,5908; 0,5570; 
nDGC100: 
0,5000; 0,5000; 0,5000; 0,5798; 0,6307; 0,5689; 0,6045; 0,5970; 0,5908; 0,5570; 0,5421; 0,5284; 0,5159; 0,5042; 0,5149; 0,5043; 0,5141; 0,5043; 0,5134; 0,5220; 0,5131; 0,5045; 0,5125; 0,5045; 0,5120; 0,5192; 0,5118; 0,5046; 0,5114; 0,5045; 0,4979; 0,4915; 0,4979; 0,5041; 0,5100; 0,5040; 0,5098; 0,5040; 0,5095; 0,5149; 0,5093; 0,5039; 0,5091; 0,5141; 0,5291; 0,5291; 0,5391; 0,5391; 0,5391; 0,5391; 0,5391; 0,5391; 0,5391; 0,5391; 0,5391; 0,5391; 0,5391; 0,5579; 0,5579; 0,5579; 0,5579; 0,5579; 0,5579; 0,5579; 0,5763; 0,5763; 0,5763; 0,5854; 0,5854; 0,5944; 0,5944; 0,6034; 0,6034; 0,6212; 0,6212; 0,6212; 0,6212; 0,6212; 0,6300; 0,6300; 0,6300; 0,6300; 0,6300; 0,6300; 0,6300; 0,6300; 0,6300; 0,6300; 0,6300; 0,6300; 0,6385; 0,6385; 0,6385; 0,6469; 0,6469; 0,6469; 0,6469; 0,6553; 0,6553; 0,6553; 
