Conslta:  What year was Facebook founded on?  twelvemonth yr class be exist equal constitute represent make up comprise follow embody personify live cost establish set found launch plant institute base ground
ID consulta: 2010-018
Precision 5: 1,0000
Precision 10: 0,8000
Recall 5: 0,1000
Recall 10: 0,1600
Fmeasure 5: 0,1818
Fmeasure 10: 0,2667
Reciprocal Rank(relevancia min 1): 1,0000
Reciprocal Rank(relevancia min 1): 1,0000
Average Precision: 0.6715282414672588
nDGC10: 
1,0000; 1,0000; 0,8801; 0,8194; 0,8412; 0,7588; 0,7788; 0,7587; 0,7741; 0,7298; 
nDGC100: 
1,0000; 1,0000; 0,8801; 0,8194; 0,8412; 0,7588; 0,7788; 0,7587; 0,7741; 0,7298; 0,7438; 0,7082; 0,6768; 0,6488; 0,6624; 0,6383; 0,6335; 0,6455; 0,6254; 0,6365; 0,6185; 0,6289; 0,6255; 0,6098; 0,5951; 0,6045; 0,5909; 0,5998; 0,5977; 0,5957; 0,5839; 0,5919; 0,5996; 0,6069; 0,6194; 0,6140; 0,6086; 0,6034; 0,6152; 0,6267; 0,6379; 0,6488; 0,6437; 0,6387; 0,6492; 0,6595; 0,6695; 0,6794; 0,6744; 0,6768; 0,6768; 0,6911; 0,6911; 0,6982; 0,7053; 0,7053; 0,7053; 0,7123; 0,7192; 0,7330; 0,7468; 0,7605; 0,7605; 0,7605; 0,7605; 0,7673; 0,7808; 0,7808; 0,7808; 0,7808; 0,7941; 0,7941; 0,7941; 0,7941; 0,8072; 0,8072; 0,8137; 0,8202; 0,8202; 0,8202; 0,8202; 0,8202; 0,8202; 0,8202; 0,8202; 0,8202; 0,8202; 0,8265; 0,8265; 0,8265; 0,8265; 0,8265; 0,8265; 0,8265; 0,8265; 0,8265; 0,8265; 0,8265; 0,8265; 0,8265; 
