Conslta:  Who won the first ACM Gerard Salton prize?  World Health Organization WHO win acquire gain advance pull ahead make headway get ground succeed come through bring home bacon deliver goods prize award loot booty pillage plunder swag dirty money trophy
ID consulta: 2010-014
Precision 5: 1,0000
Precision 10: 0,9000
Recall 5: 0,0806
Recall 10: 0,1452
Fmeasure 5: 0,1493
Fmeasure 10: 0,2500
Reciprocal Rank(relevancia min 1): 1,0000
Reciprocal Rank(relevancia min 1): 1,0000
Average Precision: 1.158287596371545
nDGC10: 
1,0000; 1,0000; 0,8801; 0,8194; 0,8412; 0,8078; 0,7410; 0,7596; 0,7430; 0,7291; 
nDGC100: 
1,0000; 1,0000; 0,8801; 0,8194; 0,8412; 0,8078; 0,7410; 0,7596; 0,7430; 0,7291; 0,7172; 0,7068; 0,7134; 0,7412; 0,7671; 0,7717; 0,7949; 0,8169; 0,8201; 0,8062; 0,7929; 0,7962; 0,7994; 0,8024; 0,8053; 0,7938; 0,7828; 0,7857; 0,8018; 0,8173; 0,8196; 0,8094; 0,8238; 0,8141; 0,8279; 0,8298; 0,8205; 0,8115; 0,8136; 0,8049; 0,7965; 0,7884; 0,7905; 0,7827; 0,7750; 0,7772; 0,7793; 0,7814; 0,7742; 0,7672; 0,7692; 0,7713; 0,7646; 0,7666; 0,7601; 0,7621; 0,7641; 0,7578; 0,7598; 0,7617; 0,7557; 0,7576; 0,7654; 0,7654; 0,7730; 0,7807; 0,7807; 0,7883; 0,7959; 0,7959; 0,8034; 0,8034; 0,8034; 0,8034; 0,8034; 0,8034; 0,8108; 0,8108; 0,8108; 0,8181; 0,8181; 0,8181; 0,8181; 0,8181; 0,8181; 0,8181; 0,8181; 0,8181; 0,8181; 0,8181; 0,8252; 0,8252; 0,8252; 0,8252; 0,8252; 0,8252; 0,8252; 0,8252; 0,8322; 0,8392; 
