Conslta: Where are Google’s data-centers located?
ID consulta: 2010-019
Precision 5: 1,0000
Precision 10: 0,9000
Recall 5: 0,1163
Recall 10: 0,2093
Fmeasure 5: 0,2083
Fmeasure 10: 0,3396
Reciprocal Rank(relevancia min 1): 1,0000
Reciprocal Rank(relevancia min 1): 1,0000
Average Precision: 0.5182415273094239
nDGC10: 
1,0000; 1,0000; 0,8801; 0,8992; 0,9114; 0,8711; 0,8404; 0,7800; 0,7622; 0,7472; 
nDGC100: 
1,0000; 1,0000; 0,8801; 0,8992; 0,9114; 0,8711; 0,8404; 0,7800; 0,7622; 0,7472; 0,7603; 0,7239; 0,6918; 0,7045; 0,6773; 0,6890; 0,6825; 0,6766; 0,6659; 0,6557; 0,6460; 0,6367; 0,6558; 0,6605; 0,6650; 0,6564; 0,6481; 0,6524; 0,6686; 0,6608; 0,6532; 0,6458; 0,6497; 0,6426; 0,6358; 0,6396; 0,6433; 0,6469; 0,6405; 0,6440; 0,6378; 0,6412; 0,6446; 0,6631; 0,6631; 0,6631; 0,6722; 0,6812; 0,6812; 0,6991; 0,6991; 0,6991; 0,7167; 0,7167; 0,7167; 0,7254; 0,7427; 0,7427; 0,7427; 0,7513; 0,7683; 0,7683; 0,7683; 0,7683; 0,7683; 0,7850; 0,7850; 0,8016; 0,8016; 0,8016; 0,8016; 0,8016; 0,8016; 0,8016; 0,8016; 0,8016; 0,8016; 0,8016; 0,8016; 0,8016; 0,8175; 0,8175; 0,8175; 0,8175; 0,8175; 0,8175; 0,8254; 0,8254; 0,8254; 0,8254; 0,8254; 0,8254; 0,8254; 0,8254; 0,8254; 0,8254; 0,8254; 0,8254; 0,8317; 0,8381; 
